16
0.000 0.720
0.075 0.755
0.211 0.620
0.337 0.710
0.705 0.521 shade: 101010
0.705 0.340
1.000 0.340: 1.00 -0.050
1.300 0.340: 1.00 -0.200
1.600 0.340: 1.00 -0.400
1.900 0.360: 1.00 -0.550
2.200 0.380: 1.00 -0.600
2.300 0.407: 1.00 -0.595; 15 0
2.397 0.413: 1.00 -0.560; 30 0
2.495 0.420: 1.00 -0.495; 45 0
2.570 0.430: 1.00 -0.415; 60 0
2.625 0.440: 1.00 -0.314; 75 0
2.650 0.450: 1.00 -0.200; 90 0
2.630 0.450: 1.00 -0.100; 105 0
2.570 0.470: 1.00 -0.000; 120 0
2.510 0.440: 1.00 0.120; 135 0
2.360 0.415: 1.00 0.170; 150 0
2.180 0.350: 1.00 0.270; 150 0
2.000 0.230: 1.00 0.350; 150 0 shade: e0e0e0
0.900 0.010: 1.00 0.820; 180 0
out: test
ridge: 0.690 0.12 -0.10
ridge: 0.830 0.12 -0.05
ridge: 0.4292 0.15 -0.07
ridge: 0.4292-0.15 0.07
ridge: 0.0828 0.15 -0.09
ridge: 0.0828 -0.15 0.09
eye: 3.85 100 0.15


